52 
1 2 666
1 3 281
1 4 395
1 5 291
1 6 326
1 7 640
1 8 426
1 9 600
1 10 561
1 11 1040
1 12 655
1 13 975
1 14 1120
1 15 299
1 16 260
1 17 429
1 18 161
1 19 305
1 20 210
1 21 286
1 22 46
1 23 181
1 24 274
1 25 410
1 26 728
1 27 798
1 28 707
1 29 406
1 30 360
1 31 146
1 32 90
1 33 827
1 34 135
1 35 121
1 36 125
1 37 207
1 38 240
1 39 166
1 40 208
1 41 395
1 42 565
1 43 463
1 44 154
1 45 240
1 46 279
1 47 791
1 48 267
1 49 64
1 50 217
1 51 789
1 52 1220
2 1 666
2 3 649
2 4 1047
2 5 945
2 6 978
2 7 45
2 8 956
2 9 1134
2 10 1132
2 11 1638
2 12 1258
2 13 1440
2 14 1515
2 15 957
2 16 724
2 17 494
2 18 595
2 19 843
2 20 564
2 21 392
2 22 636
2 23 509
2 24 921
2 25 1028
2 26 1191
2 27 1301
2 28 1243
2 29 635
2 30 390
2 31 541
2 32 730
2 33 1488
2 34 782
2 35 776
2 36 785
2 37 857
2 38 896
2 39 827
2 40 869
2 41 896
2 42 102
2 43 1123
2 44 744
2 45 823
2 46 859
2 47 1151
2 48 910
2 49 728
2 50 596
2 51 1421
2 52 1716
3 1 281
3 2 649
3 4 603
3 5 508
3 6 542
3 7 610
3 8 308
3 9 485
3 10 487
3 11 1266
3 12 891
3 13 1247
3 14 1399
3 15 504
3 16 537
3 17 217
3 18 134
3 19 207
3 20 440
3 21 288
3 22 240
3 23 361
3 24 505
3 25 652
3 26 1005
3 27 1067
3 28 970
3 29 651
3 30 504
3 31 208
3 32 245
3 33 903
3 34 393
3 35 373
3 36 367
3 37 447
3 38 462
3 39 392
3 40 426
3 41 246
3 42 550
3 43 556
3 44 434
3 45 219
3 46 552
3 47 1072
3 48 504
3 49 288
3 50 463
3 51 995
3 52 1483
4 1 395
4 2 1047
4 3 603
4 5 104
4 6 69
4 7 1026
4 8 525
4 9 611
4 10 533
4 11 663
4 12 294
4 13 711
4 14 897
4 15 100
4 16 384
4 17 800
4 18 532
4 19 474
4 20 500
4 21 681
4 22 436
4 23 537
4 24 125
4 25 109
4 26 516
4 27 526
4 28 417
4 29 579
4 30 689
4 31 540
4 32 370
4 33 517
4 34 266
4 35 275
4 36 270
4 37 190
4 38 155
4 39 230
4 40 188
4 41 544
4 42 950
4 43 245
4 44 307
4 45 411
4 46 230
4 47 659
4 48 137
4 49 345
4 50 477
4 51 397
4 52 908
5 1 291
5 2 945
5 3 508
5 4 104
5 6 35
5 7 923
5 8 470
5 9 583
5 10 513
5 11 760
5 12 382
5 13 769
5 14 944
5 15 25
5 16 309
5 17 700
5 18 430
5 19 400
5 20 406
5 21 577
5 22 332
5 23 436
5 24 31
5 25 150
5 26 552
5 27 584
5 28 478
5 29 509
5 30 594
5 31 436
5 32 270
5 33 589
5 34 163
5 35 170
5 36 166
5 37 87
5 38 50
5 39 126
5 40 85
5 41 479
5 42 847
5 43 266
5 44 212
5 45 331
5 46 170
5 47 673
5 48 47
5 49 241
5 50 386
5 51 499
5 52 984
6 1 326
6 2 978
6 3 542
6 4 69
6 5 35
6 7 957
6 8 491
6 9 596
6 10 523
6 11 726
6 12 349
6 13 744
6 14 922
6 15 40
6 16 328
6 17 735
6 18 465
6 19 427
6 20 435
6 21 611
6 22 367
6 23 469
6 24 57
6 25 124
6 26 533
6 27 559
6 28 452
6 29 528
6 30 623
6 31 471
6 32 305
6 33 568
6 34 196
6 35 205
6 36 201
6 37 120
6 38 86
6 39 161
6 40 120
6 41 504
6 42 881
6 43 260
6 44 240
6 45 360
6 46 182
6 47 661
6 48 70
6 49 277
6 50 413
6 51 464
6 52 954
7 1 640
7 2 45
7 3 610
7 4 1026
7 5 923
7 6 957
7 8 918
7 9 1095
7 10 1095
7 11 1627
7 12 1245
7 13 1440
7 14 1521
7 15 935
7 16 713
7 17 451
7 18 562
7 19 807
7 20 551
7 21 361
7 22 609
7 23 491
7 24 901
7 25 1012
7 26 1190
7 27 1297
7 28 1236
7 29 636
7 30 385
7 31 511
7 32 701
7 33 1459
7 34 760
7 35 754
7 36 761
7 37 836
7 38 874
7 39 804
7 40 846
7 41 857
7 42 76
7 43 1094
7 44 726
7 45 789
7 46 844
7 47 1156
7 48 890
7 49 701
7 50 584
7 51 1405
7 52 1715
8 1 426
8 2 956
8 3 308
8 4 525
8 5 470
8 6 491
8 7 918
8 9 183
8 10 180
8 11 1144
8 12 812
8 13 1234
8 14 1414
8 15 452
8 16 660
8 17 506
8 18 381
8 19 125
8 20 635
8 21 580
8 22 415
8 23 586
8 24 486
8 25 615
8 26 1022
8 27 1049
8 28 941
8 29 831
8 30 758
8 31 457
8 32 338
8 33 645
8 34 455
8 35 435
8 36 421
8 37 460
8 38 446
8 39 413
8 40 421
8 41 64
8 42 855
8 43 359
8 44 529
8 45 187
8 46 598
8 47 1135
8 48 495
8 49 383
8 50 643
8 51 860
8 52 1430
9 1 600
9 2 1134
9 3 485
9 4 611
9 5 583
9 6 596
9 7 1095
9 8 183
9 10 83
9 11 1165
9 12 873
9 13 1316
9 14 1507
9 15 561
9 16 817
9 17 670
9 18 564
9 19 308
9 20 810
9 21 763
9 22 593
9 23 766
9 24 606
9 25 714
9 26 1126
9 27 1134
9 28 1024
9 29 998
9 30 940
9 31 640
9 32 510
9 33 570
9 34 606
9 35 589
9 36 574
9 37 596
9 38 571
9 39 557
9 40 555
9 41 239
9 42 1035
9 43 389
9 44 685
9 45 360
9 46 733
9 47 1257
9 48 617
9 49 550
9 50 815
9 51 883
9 52 1486
10 1 561
10 2 1132
10 3 487
10 4 533
10 5 513
10 6 523
10 7 1095
10 8 180
10 9 83
10 11 1082
10 12 792
10 13 1236
10 14 1428
10 15 490
10 16 763
10 17 686
10 18 547
10 19 290
10 20 770
10 21 751
10 22 560
10 23 734
10 24 537
10 25 638
10 26 1049
10 27 1055
10 28 944
10 29 950
10 30 912
10 31 619
10 32 471
10 33 500
10 34 552
10 35 536
10 36 521
10 37 533
10 38 506
10 39 499
10 40 492
10 41 243
10 42 1031
10 43 307
10 44 631
10 45 329
10 46 669
10 47 1185
10 48 550
10 49 507
10 50 771
10 51 800
10 52 1404
11 1 1040
11 2 1638
11 3 1266
11 4 663
11 5 760
11 6 726
11 7 1627
11 8 1144
11 9 1165
11 10 1082
11 12 387
11 13 442
11 14 619
11 15 762
11 16 914
11 17 1460
11 18 1190
11 19 1124
11 20 1075
11 21 1314
11 22 1085
11 23 1143
11 24 770
11 25 631
11 26 541
11 27 417
11 28 417
11 29 1042
11 30 1250
11 31 1186
11 32 1030
11 33 706
11 34 905
11 35 920
11 36 920
11 37 835
11 38 810
11 39 885
11 40 845
11 41 1180
11 42 1552
11 43 789
11 44 912
11 45 1067
11 46 786
11 47 705
11 48 775
11 49 1000
11 50 1042
11 51 285
11 52 398
12 1 655
12 2 1258
12 3 891
12 4 294
12 5 382
12 6 349
12 7 1245
12 8 812
12 9 873
12 10 792
12 11 387
12 13 452
12 14 653
12 15 388
12 16 537
12 17 1078
12 18 806
12 19 768
12 20 694
12 21 927
12 22 700
12 23 758
12 24 387
12 25 245
12 26 335
12 27 283
12 28 182
12 29 688
12 30 874
12 31 800
12 32 650
12 33 584
12 34 520
12 35 535
12 36 535
12 37 450
12 38 429
12 39 503
12 40 465
12 41 836
12 42 1169
12 43 484
12 44 526
12 45 705
12 46 401
12 47 517
12 48 391
12 49 616
12 50 662
12 51 188
12 52 618
13 1 975
13 2 1440
13 3 1247
13 4 711
13 5 769
13 6 744
13 7 1440
13 8 1234
13 9 1316
13 10 1236
13 11 442
13 12 452
13 14 205
13 15 784
13 16 759
13 17 1399
13 18 1136
13 19 1169
13 20 919
13 21 1194
13 22 1020
13 23 1008
13 24 759
13 25 620
13 26 254
13 27 185
13 28 293
13 29 805
13 30 1056
13 31 1103
13 32 1004
13 33 1010
13 34 854
13 35 874
13 36 881
13 37 806
13 38 804
13 39 862
13 40 836
13 41 1248
13 42 1371
13 43 930
13 44 821
13 45 1098
13 46 696
13 47 324
13 48 755
13 49 959
13 50 884
13 51 539
13 52 278
14 1 1120
14 2 1515
14 3 1399
14 4 897
14 5 944
14 6 922
14 7 1521
14 8 1414
14 9 1507
14 10 1428
14 11 619
14 12 653
14 13 205
14 15 961
14 16 883
14 17 1534
14 18 1280
14 19 1340
14 20 1034
14 21 1313
14 22 1164
14 23 1127
14 24 931
14 25 799
14 26 396
14 27 374
14 28 484
14 29 887
14 30 1146
14 31 1238
14 32 1160
14 33 1215
14 34 1009
14 35 1030
14 36 1039
14 37 971
14 38 974
14 39 1026
14 40 1004
14 41 1423
14 42 1457
14 43 1125
14 44 966
14 45 1267
14 46 848
14 47 364
14 48 925
14 49 1113
14 50 1000
14 51 744
14 52 318
15 1 299
15 2 957
15 3 504
15 4 100
15 5 25
15 6 40
15 7 935
15 8 452
15 9 561
15 10 490
15 11 762
15 12 388
15 13 784
15 14 961
15 16 332
15 17 700
15 18 432
15 19 387
15 20 424
15 21 585
15 22 338
15 23 451
15 24 55
15 25 164
15 26 571
15 27 599
15 28 492
15 29 533
15 30 611
15 31 443
15 32 270
15 33 568
15 34 176
15 35 181
15 36 174
15 37 102
15 38 61
15 39 132
15 40 90
15 41 464
15 42 859
15 43 241
15 44 231
15 45 319
15 46 195
15 47 695
15 48 71
15 49 246
15 50 406
15 51 497
15 52 995
16 1 260
16 2 724
16 3 537
16 4 384
16 5 309
16 6 328
16 7 713
16 8 660
16 9 817
16 10 763
16 11 914
16 12 537
16 13 759
16 14 883
16 15 332
16 17 650
16 18 407
16 19 548
16 20 165
16 21 435
16 22 297
16 23 249
16 24 277
16 25 326
16 26 505
16 27 597
16 28 525
16 29 200
16 30 337
16 31 356
16 32 330
16 33 897
16 34 211
16 35 228
16 36 243
16 37 244
16 38 283
16 39 265
16 40 282
16 41 640
16 42 639
16 43 570
16 44 132
16 45 476
16 46 155
16 47 539
16 48 261
16 49 281
16 50 130
16 51 710
16 52 1022
17 1 429
17 2 494
17 3 217
17 4 800
17 5 700
17 6 735
17 7 451
17 8 506
17 9 670
17 10 686
17 11 1460
17 12 1078
17 13 1399
17 14 1534
17 15 700
17 16 650
17 18 271
17 19 421
17 20 512
17 21 253
17 22 383
17 23 418
17 24 691
17 25 834
17 26 1149
17 27 1226
17 28 1136
17 29 707
17 30 492
17 31 296
17 32 430
17 33 1120
17 34 561
17 35 544
17 36 542
17 37 627
17 38 650
17 39 575
17 40 615
17 41 442
17 42 408
17 43 773
17 44 579
17 45 436
17 46 708
17 47 1187
17 48 687
17 49 461
17 50 543
17 51 1196
17 52 1649
18 1 161
18 2 595
18 3 134
18 4 532
18 5 430
18 6 465
18 7 562
18 8 381
18 9 564
18 10 547
18 11 1190
18 12 806
18 13 1136
18 14 1280
18 15 432
18 16 407
18 17 271
18 19 258
18 20 306
18 21 205
18 22 116
18 23 229
18 24 420
18 25 562
18 26 890
18 27 959
18 28 867
18 29 516
18 30 385
18 31 80
18 32 162
18 33 903
18 34 290
18 35 272
18 36 271
18 37 355
18 38 380
18 39 305
18 40 345
18 41 330
18 42 492
18 43 541
18 44 315
18 45 228
18 46 441
18 47 946
18 48 415
18 49 190
18 50 328
18 51 929
18 52 1381
19 1 305
19 2 843
19 3 207
19 4 474
19 5 400
19 6 427
19 7 807
19 8 125
19 9 308
19 10 290
19 11 1124
19 12 768
19 13 1169
19 14 1340
19 15 387
19 16 548
19 17 421
19 18 258
19 20 512
19 21 460
19 22 290
19 23 460
19 24 410
19 25 550
19 26 945
19 27 984
19 28 879
19 29 711
19 30 632
19 31 332
19 32 219
19 33 700
19 34 350
19 35 330
19 36 317
19 37 371
19 38 366
19 39 318
19 40 336
19 41 91
19 42 741
19 43 367
19 44 420
19 45 75
19 46 504
19 47 1044
19 48 415
19 49 267
19 50 521
19 51 843
19 52 1381
20 1 210
20 2 564
20 3 440
20 4 500
20 5 406
20 6 435
20 7 551
20 8 635
20 9 810
20 10 770
20 11 1075
20 12 694
20 13 919
20 14 1034
20 15 424
20 16 165
20 17 512
20 18 306
20 19 512
20 21 278
20 22 223
20 23 94
20 24 378
20 25 467
20 26 665
20 27 761
20 28 690
20 29 210
20 30 189
20 31 236
20 32 300
20 33 990
20 34 256
20 35 261
20 36 275
20 37 322
20 38 365
20 39 313
20 40 348
20 41 601
20 42 476
20 43 638
20 44 194
20 45 450
20 46 295
20 47 679
20 48 364
20 49 263
20 50 35
20 51 859
20 52 1186
21 1 286
21 2 392
21 3 288
21 4 681
21 5 577
21 6 611
21 7 361
21 8 580
21 9 763
21 10 751
21 11 1314
21 12 927
21 13 1194
21 14 1313
21 15 585
21 16 435
21 17 253
21 18 205
21 19 460
21 20 278
21 22 250
21 23 186
21 24 558
21 25 684
21 26 941
21 27 1030
21 28 952
21 29 459
21 30 241
21 31 150
21 32 340
21 33 1097
21 34 416
21 35 406
21 36 411
21 37 491
21 38 526
21 39 453
21 40 495
21 41 525
21 42 289
21 43 733
21 44 401
21 45 433
21 46 530
21 47 957
21 48 549
21 49 344
21 50 313
21 51 1072
21 52 1456
22 1 46
22 2 636
22 3 240
22 4 436
22 5 332
22 6 367
22 7 609
22 8 415
22 9 593
22 10 560
22 11 1085
22 12 700
22 13 1020
22 14 1164
22 15 338
22 16 297
22 17 383
22 18 116
22 19 290
22 20 223
22 21 250
22 23 174
22 24 317
22 25 455
22 26 773
22 27 844
22 28 753
22 29 428
22 30 352
22 31 104
22 32 97
22 33 852
22 34 180
22 35 165
22 36 166
22 37 251
22 38 281
22 39 206
22 40 248
22 41 377
22 42 535
22 43 488
22 44 199
22 45 232
22 46 325
22 47 832
22 48 311
22 49 93
22 50 237
22 51 831
22 52 1266
23 1 181
23 2 509
23 3 361
23 4 537
23 5 436
23 6 469
23 7 491
23 8 586
23 9 766
23 10 734
23 11 1143
23 12 758
23 13 1008
23 14 1127
23 15 451
23 16 249
23 17 418
23 18 229
23 19 460
23 20 94
23 21 186
23 22 174
23 24 412
23 25 521
23 26 754
23 27 845
23 28 770
23 29 296
23 30 179
23 31 152
23 32 267
23 33 1001
23 34 275
23 35 272
23 36 282
23 37 349
23 38 390
23 39 325
23 40 365
23 41 545
23 42 415
23 43 641
23 44 235
23 45 406
23 46 356
23 47 773
23 48 400
23 49 244
23 50 127
23 51 914
23 52 1271
24 1 274
24 2 921
24 3 505
24 4 125
24 5 31
24 6 57
24 7 901
24 8 486
24 9 606
24 10 537
24 11 770
24 12 387
24 13 759
24 14 931
24 15 55
24 16 277
24 17 691
24 18 420
24 19 410
24 20 378
24 21 558
24 22 317
24 23 412
24 25 147
24 26 537
24 27 575
24 28 472
24 29 478
24 30 566
24 31 420
24 32 263
24 33 620
24 34 142
24 35 152
24 36 150
24 37 66
24 38 44
24 39 115
24 40 79
24 41 491
24 42 825
24 43 297
24 44 183
24 45 338
24 46 140
24 47 652
24 48 15
24 49 230
24 50 357
24 51 514
24 52 981
25 1 410
25 2 1028
25 3 652
25 4 109
25 5 150
25 6 124
25 7 1012
25 8 615
25 9 714
25 10 638
25 11 631
25 12 245
25 13 620
25 14 799
25 15 164
25 16 326
25 17 834
25 18 562
25 19 550
25 20 467
25 21 684
25 22 455
25 23 521
25 24 147
25 26 412
25 27 435
25 28 328
25 29 509
25 30 654
25 31 555
25 32 408
25 33 605
25 34 275
25 35 290
25 36 291
25 37 207
25 38 191
25 39 260
25 40 226
25 41 628
25 42 936
25 43 354
25 44 286
25 45 481
25 46 173
25 47 550
25 48 148
25 49 372
25 50 439
25 51 392
25 52 835
26 1 728
26 2 1191
26 3 1005
26 4 516
26 5 552
26 6 533
26 7 1190
26 8 1022
26 9 1126
26 10 1049
26 11 541
26 12 335
26 13 254
26 14 396
26 15 571
26 16 505
26 17 1149
26 18 890
26 19 945
26 20 665
26 21 941
26 22 773
26 23 754
26 24 537
26 25 412
26 27 126
26 28 158
26 29 558
26 30 805
26 31 853
26 32 765
26 33 917
26 34 614
26 35 635
26 36 643
26 37 575
26 38 580
26 39 630
26 40 609
26 41 1028
26 42 1120
26 43 755
26 44 574
26 45 872
26 46 453
26 47 185
26 48 530
26 49 718
26 50 630
26 51 496
26 52 525
27 1 798
27 2 1301
27 3 1067
27 4 526
27 5 584
27 6 559
27 7 1297
27 8 1049
27 9 1134
27 10 1055
27 11 417
27 12 283
27 13 185
27 14 374
27 15 599
27 16 597
27 17 1226
27 18 959
27 19 984
27 20 761
27 21 1030
27 22 844
27 23 845
27 24 575
27 25 435
27 26 126
27 28 110
27 29 673
27 30 912
27 31 931
27 32 823
27 33 861
27 34 674
27 35 693
27 36 700
27 37 624
27 38 620
27 39 680
27 40 652
27 41 1063
27 42 1226
27 43 751
27 44 647
27 45 913
27 46 518
27 47 291
27 48 571
27 49 779
27 50 726
27 51 410
27 52 425
28 1 707
28 2 1243
28 3 970
28 4 417
28 5 478
28 6 452
28 7 1236
28 8 941
28 9 1024
28 10 944
28 11 417
28 12 182
28 13 293
28 14 484
28 15 492
28 16 525
28 17 1136
28 18 867
28 19 879
28 20 690
28 21 952
28 22 753
28 23 770
28 24 472
28 25 328
28 26 158
28 27 110
28 29 629
28 30 853
28 31 844
28 32 725
28 33 766
28 34 578
28 35 597
28 36 602
28 37 523
28 38 516
28 39 579
28 40 550
28 41 956
28 42 1163
28 43 641
28 44 559
28 45 809
28 46 428
28 47 344
28 48 469
28 49 683
28 50 656
28 51 337
28 52 513
29 1 406
29 2 635
29 3 651
29 4 579
29 5 509
29 6 528
29 7 636
29 8 831
29 9 998
29 10 950
29 11 1042
29 12 688
29 13 805
29 14 887
29 15 533
29 16 200
29 17 707
29 18 516
29 19 711
29 20 210
29 21 459
29 22 428
29 23 296
29 24 478
29 25 509
29 26 558
29 27 673
29 28 629
29 30 259
29 31 445
29 32 492
29 33 1095
29 34 401
29 35 415
29 36 430
29 37 443
29 38 484
29 39 458
29 40 480
29 41 801
29 42 570
29 43 770
29 44 322
29 45 643
29 46 349
29 47 522
29 48 462
29 49 448
29 50 191
29 51 871
29 52 1081
30 1 360
30 2 390
30 3 504
30 4 689
30 5 594
30 6 623
30 7 385
30 8 758
30 9 940
30 10 912
30 11 1250
30 12 874
30 13 1056
30 14 1146
30 15 611
30 16 337
30 17 492
30 18 385
30 19 632
30 20 189
30 21 241
30 22 352
30 23 179
30 24 566
30 25 654
30 26 805
30 27 912
30 28 853
30 29 259
30 31 305
30 32 446
30 33 1172
30 34 439
30 35 441
30 36 453
30 37 509
30 38 551
30 39 494
30 40 531
30 41 712
30 42 315
30 43 815
30 44 382
30 45 583
30 46 481
30 47 782
30 48 553
30 49 422
30 50 215
30 51 1044
30 52 1330
31 1 146
31 2 541
31 3 208
31 4 540
31 5 436
31 6 471
31 7 511
31 8 457
31 9 640
31 10 619
31 11 1186
31 12 800
31 13 1103
31 14 1238
31 15 443
31 16 356
31 17 296
31 18 80
31 19 332
31 20 236
31 21 150
31 22 104
31 23 152
31 24 420
31 25 555
31 26 853
31 27 931
31 28 844
31 29 445
31 30 305
31 32 190
31 33 948
31 34 281
31 35 268
31 36 270
31 37 354
31 38 385
31 39 310
31 40 353
31 41 408
31 42 438
31 43 583
31 44 285
31 45 292
31 46 415
31 47 895
31 48 413
31 49 197
31 50 262
31 51 935
31 52 1355
32 1 90
32 2 730
32 3 245
32 4 370
32 5 270
32 6 305
32 7 701
32 8 338
32 9 510
32 10 471
32 11 1030
32 12 650
32 13 1004
32 14 1160
32 15 270
32 16 330
32 17 430
32 18 162
32 19 219
32 20 300
32 21 340
32 22 97
32 23 267
32 24 263
32 25 408
32 26 765
32 27 823
32 28 725
32 29 492
32 30 446
32 31 190
32 33 758
32 34 151
32 35 130
32 36 122
32 37 202
32 38 220
32 39 148
32 40 185
32 41 311
32 42 628
32 43 393
32 44 207
32 45 151
32 46 312
32 47 845
32 48 260
32 49 50
32 50 305
32 51 767
32 52 1238
33 1 827
33 2 1488
33 3 903
33 4 517
33 5 589
33 6 568
33 7 1459
33 8 645
33 9 570
33 10 500
33 11 706
33 12 584
33 13 1010
33 14 1215
33 15 568
33 16 897
33 17 1120
33 18 903
33 19 700
33 20 990
33 21 1097
33 22 852
33 23 1001
33 24 620
33 25 605
33 26 917
33 27 861
33 28 766
33 29 1095
33 30 1172
33 31 948
33 32 758
33 34 734
33 35 731
33 36 720
33 37 668
33 38 625
33 39 678
33 40 642
33 41 704
33 42 1386
33 43 365
33 44 798
33 45 687
33 46 747
33 47 1095
33 48 636
33 49 763
33 50 973
33 51 474
33 52 1088
34 1 135
34 2 782
34 3 393
34 4 266
34 5 163
34 6 196
34 7 760
34 8 455
34 9 606
34 10 552
34 11 905
34 12 520
34 13 854
34 14 1009
34 15 176
34 16 211
34 17 561
34 18 290
34 19 350
34 20 256
34 21 416
34 22 180
34 23 275
34 24 142
34 25 275
34 26 614
34 27 674
34 28 578
34 29 401
34 30 439
34 31 281
34 32 151
34 33 734
34 35 21
34 36 33
34 37 76
34 38 115
34 39 58
34 40 92
34 41 441
34 42 684
34 43 382
34 44 80
34 45 276
34 46 161
34 47 697
34 48 133
34 49 105
34 50 243
34 51 656
34 52 1092
35 1 121
35 2 776
35 3 373
35 4 275
35 5 170
35 6 205
35 7 754
35 8 435
35 9 589
35 10 536
35 11 920
35 12 535
35 13 874
35 14 1030
35 15 181
35 16 228
35 17 544
35 18 272
35 19 330
35 20 261
35 21 406
35 22 165
35 23 272
35 24 152
35 25 290
35 26 635
35 27 693
35 28 597
35 29 415
35 30 441
35 31 268
35 32 130
35 33 731
35 34 21
35 36 15
35 37 86
35 38 120
35 39 53
35 40 93
35 41 421
35 42 678
35 43 376
35 44 96
35 45 255
35 46 182
35 47 718
35 48 145
35 49 85
35 50 251
35 51 667
35 52 1111
36 1 125
36 2 785
36 3 367
36 4 270
36 5 166
36 6 201
36 7 761
36 8 421
36 9 574
36 10 521
36 11 920
36 12 535
36 13 881
36 14 1039
36 15 174
36 16 243
36 17 542
36 18 271
36 19 317
36 20 275
36 21 411
36 22 166
36 23 282
36 24 150
36 25 291
36 26 643
36 27 700
36 28 602
36 29 430
36 30 453
36 31 270
36 32 122
36 33 720
36 34 33
36 35 15
36 37 85
36 38 115
36 39 43
36 40 85
36 41 408
36 42 686
36 43 363
36 44 111
36 45 242
36 46 191
36 47 729
36 48 145
36 49 81
36 50 265
36 51 665
36 52 1116
37 1 207
37 2 857
37 3 447
37 4 190
37 5 87
37 6 120
37 7 836
37 8 460
37 9 596
37 10 533
37 11 835
37 12 450
37 13 806
37 14 971
37 15 102
37 16 244
37 17 627
37 18 355
37 19 371
37 20 322
37 21 491
37 22 251
37 23 349
37 24 66
37 25 207
37 26 575
37 27 624
37 28 523
37 29 443
37 30 509
37 31 354
37 32 202
37 33 668
37 34 76
37 35 86
37 36 85
37 38 43
37 39 55
37 40 41
37 41 457
37 42 760
37 43 327
37 44 130
37 45 297
37 46 138
37 47 676
37 48 60
37 49 165
37 50 305
37 51 581
37 52 1036
38 1 240
38 2 896
38 3 462
38 4 155
38 5 50
38 6 86
38 7 874
38 8 446
38 9 571
38 10 506
38 11 810
38 12 429
38 13 804
38 14 974
38 15 61
38 16 283
38 17 650
38 18 380
38 19 366
38 20 365
38 21 526
38 22 281
38 23 390
38 24 44
38 25 191
38 26 580
38 27 620
38 28 516
38 29 484
38 30 551
38 31 385
38 32 220
38 33 625
38 34 115
38 35 120
38 36 115
38 37 43
38 39 75
38 40 35
38 41 449
38 42 798
38 43 286
38 44 173
38 45 294
38 46 163
38 47 690
38 48 49
38 49 191
38 50 348
38 51 550
38 52 1026
39 1 166
39 2 827
39 3 392
39 4 230
39 5 126
39 6 161
39 7 804
39 8 413
39 9 557
39 10 499
39 11 885
39 12 503
39 13 862
39 14 1026
39 15 132
39 16 265
39 17 575
39 18 305
39 19 318
39 20 313
39 21 453
39 22 206
39 23 325
39 24 115
39 25 260
39 26 630
39 27 680
39 28 579
39 29 458
39 30 494
39 31 310
39 32 148
39 33 678
39 34 58
39 35 53
39 36 43
39 37 55
39 38 75
39 40 42
39 41 407
39 42 728
39 43 324
39 44 136
39 45 244
39 46 186
39 47 726
39 48 112
39 49 115
39 50 302
39 51 626
39 52 1092
40 1 208
40 2 869
40 3 426
40 4 188
40 5 85
40 6 120
40 7 846
40 8 421
40 9 555
40 10 492
40 11 845
40 12 465
40 13 836
40 14 1004
40 15 90
40 16 282
40 17 615
40 18 345
40 19 336
40 20 348
40 21 495
40 22 248
40 23 365
40 24 79
40 25 226
40 26 609
40 27 652
40 28 550
40 29 480
40 30 531
40 31 353
40 32 185
40 33 642
40 34 92
40 35 93
40 36 85
40 37 41
40 38 35
40 39 42
40 41 421
40 42 770
40 43 293
40 44 161
40 45 263
40 46 179
40 47 714
40 48 80
40 49 157
40 50 333
40 51 584
40 52 1060
41 1 395
41 2 896
41 3 246
41 4 544
41 5 479
41 6 504
41 7 857
41 8 64
41 9 239
41 10 243
41 11 1180
41 12 836
41 13 1248
41 14 1423
41 15 464
41 16 640
41 17 442
41 18 330
41 19 91
41 20 601
41 21 525
41 22 377
41 23 545
41 24 491
41 25 628
41 26 1028
41 27 1063
41 28 956
41 29 801
41 30 712
41 31 408
41 32 311
41 33 704
41 34 441
41 35 421
41 36 408
41 37 457
41 38 449
41 39 407
41 40 421
41 42 796
41 43 401
41 44 512
41 45 165
41 46 593
41 47 1133
41 48 498
41 49 359
41 50 611
41 51 896
41 52 1453
42 1 565
42 2 102
42 3 550
42 4 950
42 5 847
42 6 881
42 7 76
42 8 855
42 9 1035
42 10 1031
42 11 1552
42 12 1169
42 13 1371
42 14 1457
42 15 859
42 16 639
42 17 408
42 18 492
42 19 741
42 20 476
42 21 289
42 22 535
42 23 415
42 24 825
42 25 936
42 26 1120
42 27 1226
42 28 1163
42 29 570
42 30 315
42 31 438
42 32 628
42 33 1386
42 34 684
42 35 678
42 36 686
42 37 760
42 38 798
42 39 728
42 40 770
42 41 796
42 43 1021
42 44 650
42 45 720
42 46 768
42 47 1092
42 48 814
42 49 627
42 50 509
42 51 1329
42 52 1645
43 1 463
43 2 1123
43 3 556
43 4 245
43 5 266
43 6 260
43 7 1094
43 8 359
43 9 389
43 10 307
43 11 789
43 12 484
43 13 930
43 14 1125
43 15 241
43 16 570
43 17 773
43 18 541
43 19 367
43 20 638
43 21 733
43 22 488
43 23 641
43 24 297
43 25 354
43 26 755
43 27 751
43 28 641
43 29 770
43 30 815
43 31 583
43 32 393
43 33 365
43 34 382
43 35 376
43 36 363
43 37 327
43 38 286
43 39 324
43 40 293
43 41 401
43 42 1021
43 44 455
43 45 336
43 46 437
43 47 904
43 48 313
43 49 399
43 50 626
43 51 504
43 52 1097
44 1 154
44 2 744
44 3 434
44 4 307
44 5 212
44 6 240
44 7 726
44 8 529
44 9 685
44 10 631
44 11 912
44 12 526
44 13 821
44 14 966
44 15 231
44 16 132
44 17 579
44 18 315
44 19 420
44 20 194
44 21 401
44 22 199
44 23 235
44 24 183
44 25 286
44 26 574
44 27 647
44 28 559
44 29 322
44 30 382
44 31 285
44 32 207
44 33 798
44 34 80
44 35 96
44 36 111
44 37 130
44 38 173
44 39 136
44 40 161
44 41 512
44 42 650
44 43 455
44 45 346
44 46 130
44 47 640
44 48 170
44 49 157
44 50 175
44 51 678
44 52 1070
45 1 240
45 2 823
45 3 219
45 4 411
45 5 331
45 6 360
45 7 789
45 8 187
45 9 360
45 10 329
45 11 1067
45 12 705
45 13 1098
45 14 1267
45 15 319
45 16 476
45 17 436
45 18 228
45 19 75
45 20 450
45 21 433
45 22 232
45 23 406
45 24 338
45 25 481
45 26 872
45 27 913
45 28 809
45 29 643
45 30 583
45 31 292
45 32 151
45 33 687
45 34 276
45 35 255
45 36 242
45 37 297
45 38 294
45 39 244
45 40 263
45 41 165
45 42 720
45 43 336
45 44 346
45 46 429
45 47 969
45 48 343
45 49 196
45 50 456
45 51 790
45 52 1314
46 1 279
46 2 859
46 3 552
46 4 230
46 5 170
46 6 182
46 7 844
46 8 598
46 9 733
46 10 669
46 11 786
46 12 401
46 13 696
46 14 848
46 15 195
46 16 155
46 17 708
46 18 441
46 19 504
46 20 295
46 21 530
46 22 325
46 23 356
46 24 140
46 25 173
46 26 453
46 27 518
46 28 428
46 29 349
46 30 481
46 31 415
46 32 312
46 33 747
46 34 161
46 35 182
46 36 191
46 37 138
46 38 163
46 39 186
46 40 179
46 41 593
46 42 768
46 43 437
46 44 130
46 45 429
46 47 540
46 48 125
46 49 265
46 50 266
46 51 563
46 52 941
47 1 791
47 2 1151
47 3 1072
47 4 659
47 5 673
47 6 661
47 7 1156
47 8 1135
47 9 1257
47 10 1185
47 11 705
47 12 517
47 13 324
47 14 364
47 15 695
47 16 539
47 17 1187
47 18 946
47 19 1044
47 20 679
47 21 957
47 22 832
47 23 773
47 24 652
47 25 550
47 26 185
47 27 291
47 28 344
47 29 522
47 30 782
47 31 895
47 32 845
47 33 1095
47 34 697
47 35 718
47 36 729
47 37 676
47 38 690
47 39 726
47 40 714
47 41 1133
47 42 1092
47 43 904
47 44 640
47 45 969
47 46 540
47 48 642
47 49 795
47 50 646
47 51 681
47 52 597
48 1 267
48 2 910
48 3 504
48 4 137
48 5 47
48 6 70
48 7 890
48 8 495
48 9 617
48 10 550
48 11 775
48 12 391
48 13 755
48 14 925
48 15 71
48 16 261
48 17 687
48 18 415
48 19 415
48 20 364
48 21 549
48 22 311
48 23 400
48 24 15
48 25 148
48 26 530
48 27 571
48 28 469
48 29 462
48 30 553
48 31 413
48 32 260
48 33 636
48 34 133
48 35 145
48 36 145
48 37 60
48 38 49
48 39 112
48 40 80
48 41 498
48 42 814
48 43 313
48 44 170
48 45 343
48 46 125
48 47 642
48 49 225
48 50 343
48 51 522
48 52 980
49 1 64
49 2 728
49 3 288
49 4 345
49 5 241
49 6 277
49 7 701
49 8 383
49 9 550
49 10 507
49 11 1000
49 12 616
49 13 959
49 14 1113
49 15 246
49 16 281
49 17 461
49 18 190
49 19 267
49 20 263
49 21 344
49 22 93
49 23 244
49 24 230
49 25 372
49 26 718
49 27 779
49 28 683
49 29 448
49 30 422
49 31 197
49 32 50
49 33 763
49 34 105
49 35 85
49 36 81
49 37 165
49 38 191
49 39 115
49 40 157
49 41 359
49 42 627
49 43 399
49 44 157
49 45 196
49 46 265
49 47 795
49 48 225
49 50 265
49 51 741
49 52 1196
50 1 217
50 2 596
50 3 463
50 4 477
50 5 386
50 6 413
50 7 584
50 8 643
50 9 815
50 10 771
50 11 1042
50 12 662
50 13 884
50 14 1000
50 15 406
50 16 130
50 17 543
50 18 328
50 19 521
50 20 35
50 21 313
50 22 237
50 23 127
50 24 357
50 25 439
50 26 630
50 27 726
50 28 656
50 29 191
50 30 215
50 31 262
50 32 305
50 33 973
50 34 243
50 35 251
50 36 265
50 37 305
50 38 348
50 39 302
50 40 333
50 41 611
50 42 509
50 43 626
50 44 175
50 45 456
50 46 266
50 47 646
50 48 343
50 49 265
50 51 829
50 52 1150
51 1 789
51 2 1421
51 3 995
51 4 397
51 5 499
51 6 464
51 7 1405
51 8 860
51 9 883
51 10 800
51 11 285
51 12 188
51 13 539
51 14 744
51 15 497
51 16 710
51 17 1196
51 18 929
51 19 843
51 20 859
51 21 1072
51 22 831
51 23 914
51 24 514
51 25 392
51 26 496
51 27 410
51 28 337
51 29 871
51 30 1044
51 31 935
51 32 767
51 33 474
51 34 656
51 35 667
51 36 665
51 37 581
51 38 550
51 39 626
51 40 584
51 41 896
51 42 1329
51 43 504
51 44 678
51 45 790
51 46 563
51 47 681
51 48 522
51 49 741
51 50 829
51 52 624
52 1 1220
52 2 1716
52 3 1483
52 4 908
52 5 984
52 6 954
52 7 1715
52 8 1430
52 9 1486
52 10 1404
52 11 398
52 12 618
52 13 278
52 14 318
52 15 995
52 16 1022
52 17 1649
52 18 1381
52 19 1381
52 20 1186
52 21 1456
52 22 1266
52 23 1271
52 24 981
52 25 835
52 26 525
52 27 425
52 28 513
52 29 1081
52 30 1330
52 31 1355
52 32 1238
52 33 1088
52 34 1092
52 35 1111
52 36 1116
52 37 1036
52 38 1026
52 39 1092
52 40 1060
52 41 1453
52 42 1645
52 43 1097
52 44 1070
52 45 1314
52 46 941
52 47 597
52 48 980
52 49 1196
52 50 1150
52 51 624