130 
1 2 119
1 3 169
1 4 248
1 5 161
1 6 507
1 7 295
1 8 199
1 9 543
1 10 430
1 11 164
1 12 382
1 13 409
1 14 424
1 15 272
1 16 87
1 17 155
1 18 187
1 19 225
1 20 200
1 21 249
1 22 301
1 23 331
1 24 284
1 25 354
1 26 243
1 27 201
1 28 220
1 29 304
1 30 242
1 31 175
1 32 404
1 33 265
1 34 149
1 35 197
1 36 417
1 37 299
1 38 330
1 39 65
1 40 319
1 41 37
1 42 325
1 43 206
1 44 313
1 45 97
1 46 180
1 47 318
1 48 348
1 49 393
1 50 104
1 51 368
1 52 527
1 53 376
1 54 174
1 55 388
1 56 505
1 57 537
1 58 388
1 59 270
1 60 381
1 61 168
1 62 135
1 63 271
1 64 281
1 65 475
1 66 388
1 67 411
1 68 299
1 69 304
1 70 241
1 71 65
1 72 452
1 73 465
1 74 504
1 75 508
1 76 127
1 77 401
1 78 355
1 79 301
1 80 169
1 81 383
1 82 553
1 83 188
1 84 419
1 85 344
1 86 355
1 87 382
1 88 307
1 89 303
1 90 319
1 91 526
1 92 403
1 93 262
1 94 342
1 95 302
1 96 400
1 97 251
1 98 321
1 99 498
1 100 226
1 101 586
1 102 523
1 103 419
1 104 173
1 105 115
1 106 327
1 107 184
1 108 197
1 109 160
1 110 297
1 111 587
1 112 121
1 113 394
1 114 197
1 115 187
1 116 274
1 117 120
1 118 174
1 119 459
1 120 391
1 121 303
1 122 380
1 123 589
1 124 202
1 125 321
1 126 235
1 127 150
1 128 89
1 129 166
1 130 81
2 1 119
2 3 139
2 4 130
2 5 274
2 6 390
2 7 365
2 8 137
2 9 467
2 10 323
2 11 282
2 12 309
2 13 313
2 14 317
2 15 230
2 16 191
2 17 112
2 18 109
2 19 198
2 20 86
2 21 157
2 22 192
2 23 224
2 24 229
2 25 374
2 26 327
2 27 170
2 28 274
2 29 259
2 30 215
2 31 132
2 32 403
2 33 172
2 34 132
2 35 80
2 36 410
2 37 189
2 38 235
2 39 105
2 40 207
2 41 114
2 42 206
2 43 223
2 44 195
2 45 213
2 46 74
2 47 207
2 48 374
2 49 280
2 50 39
2 51 249
2 52 442
2 53 259
2 54 74
2 55 272
2 56 433
2 57 464
2 58 274
2 59 242
2 60 262
2 61 285
2 62 203
2 63 308
2 64 389
2 65 401
2 66 391
2 67 310
2 68 326
2 69 410
2 70 304
2 71 92
2 72 339
2 73 372
2 74 414
2 75 419
2 76 246
2 77 359
2 78 307
2 79 228
2 80 59
2 81 321
2 82 491
2 83 179
2 84 412
2 85 342
2 86 457
2 87 308
2 88 406
2 89 286
2 90 313
2 91 412
2 92 303
2 93 149
2 94 319
2 95 236
2 96 298
2 97 323
2 98 332
2 99 402
2 100 175
2 101 538
2 102 407
2 103 365
2 104 203
2 105 184
2 106 216
2 107 228
2 108 136
2 109 279
2 110 298
2 111 547
2 112 174
2 113 392
2 114 154
2 115 230
2 116 211
2 117 146
2 118 57
2 119 442
2 120 273
2 121 245
2 122 267
2 123 547
2 124 305
2 125 318
2 126 180
2 127 205
2 128 175
2 129 270
2 130 57
3 1 169
3 2 139
3 4 220
3 5 257
3 6 408
3 7 463
3 8 48
3 9 596
3 10 300
3 11 278
3 12 441
3 13 262
3 14 295
3 15 369
3 16 177
3 17 249
3 18 68
3 19 335
3 20 140
3 21 117
3 22 190
3 23 210
3 24 368
3 25 502
3 26 413
3 27 307
3 28 169
3 29 398
3 30 78
3 31 271
3 32 538
3 33 131
3 34 264
3 35 189
3 36 546
3 37 193
3 38 357
3 39 105
3 40 213
3 41 134
3 42 262
3 43 349
3 44 237
3 45 215
3 46 114
3 47 211
3 48 499
3 49 367
3 50 103
3 51 299
3 52 564
3 53 337
3 54 208
3 55 289
3 56 564
3 57 594
3 58 364
3 59 106
3 60 311
3 61 316
3 62 135
3 63 427
3 64 442
3 65 532
3 66 252
3 67 271
3 68 450
3 69 465
3 70 407
3 71 104
3 72 426
3 73 489
3 74 533
3 75 539
3 76 264
3 77 498
3 78 186
3 79 362
3 80 121
3 81 457
3 82 625
3 83 43
3 84 548
3 85 202
3 86 518
3 87 440
3 88 473
3 89 423
3 90 173
3 91 492
3 92 416
3 93 175
3 94 457
3 95 372
3 96 262
3 97 419
3 98 463
3 99 515
3 100 315
3 101 676
3 102 415
3 103 502
3 104 322
3 105 129
3 106 318
3 107 341
3 108 45
3 109 299
3 110 432
3 111 686
3 112 106
3 113 527
3 114 28
3 115 125
3 116 349
3 117 70
3 118 141
3 119 580
3 120 341
3 121 134
3 122 269
3 123 686
3 124 368
3 125 178
3 126 68
3 127 311
3 128 146
3 129 332
3 130 105
4 1 248
4 2 130
4 3 220
4 5 404
4 6 273
4 7 449
4 8 188
4 9 386
4 10 241
4 11 412
4 12 243
4 13 257
4 14 236
4 15 225
4 16 320
4 17 163
4 18 155
4 19 221
4 20 79
4 21 152
4 22 127
4 23 156
4 24 208
4 25 413
4 26 424
4 27 200
4 28 383
4 29 243
4 30 276
4 31 170
4 32 418
4 33 158
4 34 195
4 35 50
4 36 416
4 37 120
4 38 147
4 39 232
4 40 127
4 41 244
4 42 83
4 43 281
4 44 85
4 45 343
4 46 105
4 47 129
4 48 418
4 49 152
4 50 159
4 51 125
4 52 349
4 53 129
4 54 90
4 55 166
4 56 359
4 57 387
4 58 148
4 59 296
4 60 138
4 61 411
4 62 323
4 63 370
4 64 503
4 65 327
4 66 455
4 67 243
4 68 375
4 69 524
4 70 387
4 71 218
4 72 212
4 73 272
4 74 316
4 75 323
4 76 375
4 77 329
4 78 327
4 79 179
4 80 102
4 81 270
4 82 426
4 83 263
4 84 418
4 85 405
4 86 566
4 87 243
4 88 513
4 89 298
4 90 376
4 91 284
4 92 197
4 93 84
4 94 318
4 95 197
4 96 232
4 97 412
4 98 367
4 99 296
4 100 179
4 101 488
4 102 294
4 103 319
4 104 277
4 105 307
4 106 98
4 107 307
4 108 189
4 109 406
4 110 328
4 111 506
4 112 292
4 113 405
4 114 218
4 115 337
4 116 185
4 117 258
4 118 84
4 119 435
4 120 143
4 121 265
4 122 173
4 123 504
4 124 418
4 125 383
4 126 221
4 127 296
4 128 303
4 129 386
4 130 183
5 1 161
5 2 274
5 3 257
5 4 404
5 6 650
5 7 328
5 8 303
5 9 696
5 10 555
5 11 31
5 12 536
5 13 519
5 14 549
5 15 417
5 16 86
5 17 311
5 18 307
5 19 367
5 20 346
5 21 368
5 22 434
5 23 459
5 24 434
5 25 443
5 26 264
5 27 347
5 28 177
5 29 448
5 30 299
5 31 328
5 32 509
5 33 383
5 34 296
5 35 355
5 36 527
5 37 434
5 38 491
5 39 178
5 40 455
5 41 161
5 42 476
5 43 322
5 44 460
5 45 63
5 46 321
5 47 453
5 48 432
5 49 553
5 50 248
5 51 519
5 52 684
5 53 534
5 54 335
5 55 529
5 56 656
5 57 688
5 58 548
5 59 320
5 60 532
5 61 105
5 62 129
5 63 353
5 64 229
5 65 627
5 66 376
5 67 528
5 68 390
5 69 249
5 70 298
5 71 190
5 72 612
5 73 624
5 74 662
5 75 666
5 76 66
5 77 539
5 78 412
5 79 457
5 80 314
5 81 532
5 82 698
5 83 247
5 84 529
5 85 347
5 86 305
5 87 536
5 88 275
5 89 430
5 90 332
5 91 686
5 92 564
5 93 403
5 94 470
5 95 455
5 96 518
5 97 290
5 98 422
5 99 659
5 100 378
5 101 722
5 102 662
5 103 564
5 104 286
5 105 129
5 106 488
5 107 281
5 108 300
5 109 79
5 110 410
5 111 717
5 112 152
5 113 502
5 114 284
5 115 179
5 116 427
5 117 186
5 118 324
5 119 575
5 120 547
5 121 380
5 122 515
5 123 719
5 124 190
5 125 330
5 126 322
5 127 248
5 128 112
5 129 168
5 130 223
6 1 507
6 2 390
6 3 408
6 4 273
6 5 650
6 7 720
6 8 360
6 9 475
6 10 136
6 11 664
6 12 410
6 13 203
6 14 139
6 15 464
6 16 564
6 17 435
6 18 346
6 19 478
6 20 307
6 21 290
6 22 218
6 23 198
6 24 438
6 25 662
6 26 698
6 27 462
6 28 572
6 29 470
6 30 416
6 31 439
6 32 647
6 33 278
6 34 467
6 35 321
6 36 638
6 37 217
6 38 324
6 39 472
6 40 195
6 41 493
6 42 190
6 43 548
6 44 195
6 45 594
6 46 329
6 47 197
6 48 670
6 49 209
6 50 405
6 51 149
6 52 419
6 53 188
6 54 363
6 55 120
6 56 472
6 57 487
6 58 214
6 59 419
6 60 137
6 61 675
6 62 541
6 63 635
6 64 776
6 65 448
6 66 549
6 67 177
6 68 633
6 69 797
6 70 658
6 71 461
6 72 212
6 73 351
6 74 384
6 75 392
6 76 633
6 77 523
6 78 382
6 79 392
6 80 338
6 81 449
6 82 544
6 83 439
6 84 640
6 85 509
6 86 840
6 87 410
6 88 787
6 89 538
6 90 487
6 91 208
6 92 302
6 93 246
6 94 545
6 95 414
6 96 178
6 97 684
6 98 616
6 99 345
6 100 433
6 101 624
6 102 29
6 103 493
6 104 549
6 105 531
6 106 257
6 107 579
6 108 362
6 109 667
6 110 577
6 111 654
6 112 510
6 113 634
6 114 388
6 115 530
6 116 417
6 117 473
6 118 333
6 119 640
6 120 162
6 121 349
6 122 139
6 123 650
6 124 691
6 125 495
6 126 362
6 127 569
6 128 538
6 129 657
6 130 430
7 1 295
7 2 365
7 3 463
7 4 449
7 5 328
7 6 720
7 8 487
7 9 531
7 10 682
7 11 301
7 12 408
7 13 678
7 14 676
7 15 285
7 16 333
7 17 286
7 18 467
7 19 251
7 20 447
7 21 522
7 22 552
7 23 585
7 24 315
7 25 158
7 26 63
7 27 260
7 28 484
7 29 300
7 30 537
7 31 281
7 32 237
7 33 537
7 34 253
7 35 407
7 36 261
7 37 548
7 38 429
7 39 360
7 40 564
7 41 332
7 42 531
7 43 174
7 44 534
7 45 302
7 46 439
7 47 564
7 48 143
7 49 542
7 50 378
7 51 570
7 52 546
7 53 543
7 54 360
7 55 615
7 56 489
7 57 516
7 58 535
7 59 565
7 60 582
7 61 225
7 62 406
7 63 102
7 64 161
7 65 471
7 66 674
7 67 673
7 68 130
7 69 165
7 70 62
7 71 359
7 72 584
7 73 521
7 74 541
7 75 540
7 76 264
7 77 341
7 78 650
7 79 362
7 80 424
7 81 380
7 82 498
7 83 484
7 84 263
7 85 634
7 86 166
7 87 407
7 88 123
7 89 237
7 90 611
7 91 655
7 92 495
7 93 506
7 94 263
7 95 346
7 96 662
7 97 44
7 98 171
7 99 558
7 100 294
7 101 488
7 102 743
7 103 383
7 104 171
7 105 390
7 106 475
7 107 142
7 108 485
7 109 251
7 110 192
7 111 469
7 112 405
7 113 237
7 114 490
7 115 465
7 116 327
7 117 414
7 118 417
7 119 313
7 120 567
7 121 595
7 122 619
7 123 474
7 124 140
7 125 612
7 126 526
7 127 160
7 128 358
7 129 160
7 130 363
8 1 199
8 2 137
8 3 48
8 4 188
8 5 303
8 6 360
8 7 487
8 9 571
8 10 252
8 11 323
8 12 421
8 13 217
8 14 247
8 15 362
8 16 221
8 17 249
8 18 33
8 19 334
8 20 109
8 21 69
8 22 142
8 23 162
8 24 358
8 25 511
8 26 440
8 27 306
8 28 215
8 29 390
8 30 88
8 31 269
8 32 541
8 33 82
8 34 269
8 35 166
8 36 546
8 37 145
8 38 332
8 39 140
8 40 166
8 41 168
8 42 220
8 43 358
8 44 193
8 45 258
8 46 87
8 47 164
8 48 510
8 49 329
8 50 111
8 51 255
8 52 537
8 53 297
8 54 195
8 55 241
8 56 542
8 57 571
8 58 326
8 59 111
8 60 266
8 61 356
8 62 183
8 63 442
8 64 479
8 65 510
8 66 269
8 67 225
8 68 461
8 69 501
8 70 428
8 71 135
8 72 387
8 73 460
8 74 504
8 75 511
8 76 305
8 77 487
8 78 169
8 79 346
8 80 99
8 81 440
8 82 606
8 83 83
8 84 549
8 85 218
8 86 554
8 87 421
8 88 507
8 89 423
8 90 189
8 91 451
8 92 385
8 93 132
8 94 454
8 95 358
8 96 215
8 97 443
8 98 470
8 99 484
8 100 308
8 101 661
8 102 367
8 103 488
8 104 336
8 105 176
8 106 286
8 107 358
8 108 2
8 109 340
8 110 436
8 111 674
8 112 153
8 113 529
8 114 32
8 115 171
8 116 337
8 117 117
8 118 119
8 119 577
8 120 299
8 121 109
8 122 221
8 123 673
8 124 402
8 125 195
8 126 42
8 127 330
8 128 191
8 129 366
8 130 123
9 1 543
9 2 467
9 3 596
9 4 386
9 5 696
9 6 475
9 7 531
9 8 571
9 10 548
9 11 688
9 12 161
9 13 597
9 14 546
9 15 282
9 16 631
9 17 387
9 18 538
9 19 332
9 20 462
9 21 537
9 22 492
9 23 510
9 24 262
9 25 387
9 26 555
9 27 349
9 28 742
9 29 253
9 30 660
9 31 368
9 32 322
9 33 540
9 34 399
9 35 407
9 36 299
9 37 485
9 38 239
9 39 567
9 40 480
9 41 562
9 42 394
9 43 396
9 44 423
9 45 634
9 46 484
9 47 482
9 48 403
9 49 289
9 50 507
9 51 393
9 52 56
9 53 324
9 54 393
9 55 459
9 56 42
9 57 18
9 58 286
9 59 682
9 60 394
9 61 647
9 62 665
9 63 430
9 64 670
9 65 68
9 66 840
9 67 573
9 68 401
9 69 683
9 70 492
9 71 553
9 72 264
9 73 127
9 74 90
9 75 82
9 76 640
9 77 190
9 78 710
9 79 242
9 80 475
9 81 165
9 82 76
9 83 639
9 84 300
9 85 790
9 86 697
9 87 161
9 88 648
9 89 298
9 90 761
9 91 281
9 92 197
9 93 462
9 94 267
9 95 241
9 96 566
9 97 522
9 98 361
9 99 130
9 100 318
9 101 158
9 102 504
9 103 148
9 104 427
9 105 645
9 106 295
9 107 447
9 108 572
9 109 658
9 110 340
9 111 195
9 112 639
9 113 315
9 114 600
9 115 698
9 116 269
9 117 613
9 118 455
9 119 265
9 120 343
9 121 649
9 122 488
9 123 189
9 124 601
9 125 767
9 126 607
9 127 469
9 128 628
9 129 587
9 130 522
10 1 430
10 2 323
10 3 300
10 4 241
10 5 555
10 6 136
10 7 682
10 8 252
10 9 548
10 11 573
10 12 447
10 13 67
10 14 5
10 15 463
10 16 470
10 17 399
10 18 248
10 19 462
10 20 236
10 21 186
10 22 130
10 23 99
10 24 443
10 25 654
10 26 648
10 27 440
10 28 454
10 29 477
10 30 292
10 31 409
10 32 655
10 33 171
10 34 430
10 35 275
10 36 652
10 37 134
10 38 349
10 39 382
10 40 117
10 41 408
10 42 174
10 43 519
10 44 157
10 45 505
10 46 251
10 47 117
10 48 659
10 49 260
10 50 325
10 51 158
10 52 497
10 53 226
10 54 323
10 55 90
10 56 536
10 57 557
10 58 262
10 59 291
10 60 155
10 61 597
10 62 436
10 63 609
10 64 710
10 65 508
10 66 413
10 67 40
10 68 616
10 69 732
10 70 619
10 71 373
10 72 291
10 73 421
10 74 461
10 75 469
10 76 550
10 77 551
10 78 246
10 79 405
10 80 264
10 81 482
10 82 609
10 83 324
10 84 653
10 85 375
10 86 780
10 87 447
10 88 729
10 89 537
10 90 354
10 91 317
10 92 355
10 93 176
10 94 554
10 95 425
10 96 43
10 97 641
10 98 608
10 99 425
10 100 420
10 101 683
10 102 129
10 103 531
10 104 511
10 105 429
10 106 275
10 107 540
10 108 255
10 109 585
10 110 569
10 111 709
10 112 406
10 113 642
10 114 276
10 115 415
10 116 419
10 117 370
10 118 267
10 119 664
10 120 205
10 121 218
10 122 68
10 123 706
10 124 627
10 125 362
10 126 243
10 127 523
10 128 442
10 129 592
10 130 348
11 1 164
11 2 282
11 3 278
11 4 412
11 5 31
11 6 664
11 7 301
11 8 323
11 9 688
11 10 573
11 12 530
11 13 540
11 14 567
11 15 407
11 16 102
11 17 307
11 18 324
11 19 357
11 20 358
11 21 386
11 22 450
11 23 476
11 24 426
11 25 421
11 26 237
11 27 339
11 28 208
11 29 438
11 30 324
11 31 323
11 32 489
11 33 402
11 34 290
11 35 362
11 36 507
11 37 449
11 38 490
11 39 192
11 40 470
11 41 171
11 42 487
11 43 307
11 44 472
11 45 69
11 46 334
11 47 469
11 48 410
11 49 558
11 50 259
11 51 530
11 52 679
11 53 540
11 54 338
11 55 543
11 56 648
11 57 679
11 58 552
11 59 347
11 60 543
11 61 76
11 62 155
11 63 332
11 64 197
11 65 620
11 66 407
11 67 548
11 68 369
11 69 218
11 70 274
11 71 203
11 72 616
11 73 622
11 74 658
11 75 661
11 76 48
11 77 526
11 78 439
11 79 452
11 80 326
11 81 524
11 82 687
11 83 271
11 84 509
11 85 377
11 86 274
11 87 530
11 88 244
11 89 416
11 90 362
11 91 691
11 92 564
11 93 417
11 94 455
11 95 449
11 96 538
11 97 264
11 98 403
11 99 657
11 100 372
11 101 708
11 102 677
11 103 553
11 104 271
11 105 152
11 106 491
11 107 264
11 108 320
11 109 50
11 110 393
11 111 702
11 112 176
11 113 482
11 114 306
11 115 208
11 116 421
11 117 207
11 118 335
11 119 557
11 120 555
11 121 404
11 122 531
11 123 704
11 124 162
11 125 360
11 126 345
11 127 231
11 128 132
11 129 142
11 130 234
12 1 382
12 2 309
12 3 441
12 4 243
12 5 536
12 6 410
12 7 408
12 8 421
12 9 161
12 10 447
12 11 530
12 13 483
12 14 443
12 15 130
12 16 470
12 17 226
12 18 387
12 19 179
12 20 314
12 21 395
12 22 364
12 23 387
12 24 105
12 25 291
12 26 419
12 27 191
12 28 582
12 29 108
12 30 509
12 31 208
12 32 250
12 33 401
12 34 240
12 35 255
12 36 237
12 37 356
12 38 100
12 39 406
12 40 356
12 41 401
12 42 275
12 43 251
12 44 301
12 45 474
12 46 333
12 47 358
12 48 303
12 49 201
12 50 348
12 51 289
12 52 149
12 53 226
12 54 234
12 55 356
12 56 124
12 57 156
12 58 195
12 59 532
12 60 295
12 61 493
12 62 504
12 63 306
12 64 531
12 65 93
12 66 690
12 67 463
12 68 284
12 69 545
12 70 359
12 71 393
12 72 212
12 73 113
12 74 135
12 75 136
12 76 483
12 77 114
12 78 571
12 79 81
12 80 322
12 81 40
12 82 184
12 83 484
12 84 238
12 85 639
12 86 567
12 87 0
12 88 516
12 89 173
12 90 610
12 91 269
12 92 112
12 93 326
12 94 158
12 95 81
12 96 454
12 97 390
12 98 252
12 99 150
12 100 158
12 101 245
12 102 439
12 103 84
12 104 278
12 105 484
12 106 171
12 107 301
12 108 421
12 109 502
12 110 219
12 111 264
12 112 478
12 113 239
12 114 448
12 115 538
12 116 109
12 117 454
12 118 302
12 119 231
12 120 251
12 121 508
12 122 380
12 123 262
12 124 456
12 125 616
12 126 459
12 127 318
12 128 467
12 129 437
12 130 362
13 1 409
13 2 313
13 3 262
13 4 257
13 5 519
13 6 203
13 7 678
13 8 217
13 9 597
13 10 67
13 11 540
13 12 483
13 14 65
13 15 482
13 16 438
13 17 403
13 18 222
13 19 474
13 20 231
13 21 160
13 22 131
13 23 100
13 24 465
13 25 666
13 26 639
13 27 450
13 28 403
13 29 500
13 30 240
13 31 416
13 32 675
13 33 143
13 34 432
13 35 281
13 36 674
13 37 137
13 38 383
13 39 355
13 40 129
13 41 382
13 42 208
13 43 524
13 44 183
13 45 475
13 46 238
13 47 128
13 48 669
13 49 309
13 50 307
13 51 204
13 52 548
13 53 273
13 54 328
13 55 140
13 56 581
13 57 604
13 58 310
13 59 234
13 60 204
13 61 572
13 62 395
13 63 613
13 64 691
13 65 551
13 66 348
13 67 27
13 68 624
13 69 713
13 70 616
13 71 348
13 72 347
13 73 470
13 74 512
13 75 519
13 76 522
13 77 582
13 78 181
13 79 432
13 80 253
13 81 516
13 82 653
13 83 279
13 84 676
13 85 311
13 86 764
13 87 483
13 88 715
13 89 555
13 90 292
13 91 379
13 92 400
13 93 178
13 94 576
13 95 451
13 96 31
13 97 636
13 98 621
13 99 478
13 100 435
13 101 725
13 102 195
13 103 565
13 104 511
13 105 391
13 106 312
13 107 538
13 108 219
13 109 557
13 110 582
13 111 748
13 112 367
13 113 662
13 114 235
13 115 368
13 116 442
13 117 333
13 118 261
13 119 691
13 120 256
13 121 160
13 122 109
13 123 745
13 124 611
13 125 300
13 126 198
13 127 517
13 128 408
13 129 574
13 130 328
14 1 424
14 2 317
14 3 295
14 4 236
14 5 549
14 6 139
14 7 676
14 8 247
14 9 546
14 10 5
14 11 567
14 12 443
14 13 65
14 15 458
14 16 465
14 17 394
14 18 243
14 19 457
14 20 231
14 21 180
14 22 125
14 23 93
14 24 438
14 25 649
14 26 643
14 27 435
14 28 449
14 29 473
14 30 287
14 31 404
14 32 651
14 33 165
14 34 425
14 35 270
14 36 647
14 37 128
14 38 345
14 39 377
14 40 112
14 41 402
14 42 170
14 43 514
14 44 152
14 45 500
14 46 245
14 47 112
14 48 654
14 49 257
14 50 320
14 51 155
14 52 496
14 53 223
14 54 318
14 55 88
14 56 533
14 57 554
14 58 260
14 59 286
14 60 153
14 61 591
14 62 430
14 63 604
14 64 704
14 65 505
14 66 410
14 67 38
14 68 611
14 69 726
14 70 614
14 71 368
14 72 290
14 73 418
14 74 459
14 75 467
14 76 544
14 77 548
14 78 243
14 79 401
14 80 259
14 81 479
14 82 606
14 83 319
14 84 649
14 85 371
14 86 775
14 87 444
14 88 724
14 89 532
14 90 350
14 91 317
14 92 352
14 93 170
14 94 549
14 95 421
14 96 39
14 97 636
14 98 603
14 99 424
14 100 415
14 101 680
14 102 133
14 103 527
14 104 506
14 105 423
14 106 272
14 107 535
14 108 250
14 109 579
14 110 564
14 111 706
14 112 401
14 113 638
14 114 271
14 115 410
14 116 415
14 117 364
14 118 261
14 119 660
14 120 203
14 121 214
14 122 64
14 123 703
14 124 622
14 125 358
14 126 238
14 127 517
14 128 436
14 129 586
14 130 343
15 1 272
15 2 230
15 3 369
15 4 225
15 5 417
15 6 464
15 7 285
15 8 362
15 9 282
15 10 463
15 11 407
15 12 130
15 13 482
15 14 458
15 16 359
15 17 123
15 18 330
15 19 50
15 20 269
15 21 358
15 22 352
15 23 382
15 24 29
15 25 198
15 26 290
15 27 71
15 28 486
15 29 31
15 30 444
15 31 101
15 32 192
15 33 369
15 34 123
15 35 209
15 36 192
15 37 345
15 38 148
15 39 309
15 40 353
15 41 298
15 42 290
15 43 121
15 44 306
15 45 356
15 46 279
15 47 354
15 48 206
15 49 266
15 50 267
15 51 321
15 52 279
15 53 276
15 54 168
15 55 380
15 56 240
15 57 272
15 58 259
15 59 471
15 60 331
15 61 365
15 62 404
15 63 185
15 64 400
15 65 213
15 66 621
15 67 468
15 68 173
15 69 416
15 70 232
15 71 298
15 72 302
15 73 239
15 74 266
15 75 267
15 76 359
15 77 131
15 78 528
15 79 78
15 80 265
15 81 116
15 82 281
15 83 408
15 84 194
15 85 572
15 86 440
15 87 130
15 88 388
15 89 74
15 90 543
15 91 371
15 92 209
15 93 306
15 94 94
15 95 60
15 96 457
15 97 263
15 98 152
15 99 276
15 100 54
15 101 315
15 102 490
15 103 147
15 104 147
15 105 383
15 106 207
15 107 171
15 108 362
15 109 376
15 110 113
15 111 320
15 112 382
15 113 180
15 114 383
15 115 446
15 116 47
15 117 364
15 118 247
15 119 215
15 120 302
15 121 464
15 122 394
15 123 320
15 124 325
15 125 548
15 126 404
15 127 188
15 128 361
15 129 307
15 130 273
16 1 87
16 2 191
16 3 177
16 4 320
16 5 86
16 6 564
16 7 333
16 8 221
16 9 631
16 10 470
16 11 102
16 12 470
16 13 438
16 14 465
16 15 359
16 17 243
16 18 222
16 19 311
16 20 260
16 21 284
16 22 348
16 23 374
16 24 372
16 25 420
16 26 273
16 27 288
16 28 152
16 29 390
16 30 230
16 31 263
16 32 478
16 33 299
16 34 235
16 35 272
16 36 493
16 37 348
16 38 416
16 39 91
16 40 369
16 41 77
16 42 391
16 43 282
16 44 374
16 45 40
16 46 235
16 47 368
16 48 412
16 49 471
16 50 163
16 51 433
16 52 615
16 53 450
16 54 256
16 55 443
16 56 592
16 57 625
16 58 465
16 59 254
16 60 446
16 61 144
16 62 72
16 63 333
16 64 274
16 65 563
16 66 341
16 67 445
16 68 366
16 69 296
16 70 290
16 71 104
16 72 530
16 73 551
16 74 591
16 75 595
16 76 89
16 77 487
16 78 346
16 79 389
16 80 228
16 81 471
16 82 640
16 83 175
16 84 495
16 85 304
16 86 352
16 87 470
16 88 312
16 89 384
16 90 283
16 91 604
16 92 487
16 93 317
16 94 424
16 95 390
16 96 435
16 97 290
16 98 392
16 99 584
16 100 314
16 101 672
16 102 576
16 103 506
16 104 246
16 105 60
16 106 407
16 107 250
16 108 218
16 109 124
16 110 373
16 111 671
16 112 80
16 113 469
16 114 205
16 115 132
16 116 361
16 117 107
16 118 239
16 119 537
16 120 462
16 121 306
16 122 429
16 123 672
16 124 211
16 125 283
16 126 244
16 127 215
16 128 31
16 129 179
16 130 138
17 1 155
17 2 112
17 3 249
17 4 163
17 5 311
17 6 435
17 7 286
17 8 249
17 9 387
17 10 399
17 11 307
17 12 226
17 13 403
17 14 394
17 15 123
17 16 243
17 18 219
17 19 85
17 20 173
17 21 259
17 22 273
17 23 305
17 24 130
17 25 266
17 26 263
17 27 57
17 28 364
17 29 154
17 30 327
17 31 21
17 32 291
17 33 272
17 34 32
17 35 124
17 36 297
17 37 268
17 38 185
17 39 187
17 40 281
17 41 177
17 42 245
17 43 121
17 44 248
17 45 248
17 46 175
17 47 282
17 48 267
17 49 273
17 50 146
17 51 285
17 52 373
17 53 267
17 54 76
17 55 329
17 56 349
17 57 381
17 58 266
17 59 354
17 60 298
17 61 281
17 62 282
17 63 211
17 64 352
17 65 319
17 66 501
17 67 394
17 68 221
17 69 371
17 70 223
17 71 175
17 72 325
17 73 314
17 74 351
17 75 354
17 76 261
17 77 254
17 78 418
17 79 146
17 80 159
17 81 228
17 82 398
17 83 287
17 84 299
17 85 452
17 86 409
17 87 226
17 88 355
17 89 174
17 90 423
17 91 401
17 92 259
17 93 225
17 94 207
17 95 146
17 96 383
17 97 248
17 98 223
17 99 349
17 100 72
17 101 438
17 102 457
17 103 267
17 104 114
17 105 262
17 106 203
17 107 143
17 108 248
17 109 285
17 110 187
17 111 443
17 112 259
17 113 279
17 114 266
17 115 323
17 116 118
17 117 241
17 118 145
17 119 330
17 120 288
17 121 356
17 122 334
17 123 443
17 124 268
17 125 427
17 126 292
17 127 135
17 128 242
17 129 239
17 130 151
18 1 187
18 2 109
18 3 68
18 4 155
18 5 307
18 6 346
18 7 467
18 8 33
18 9 538
18 10 248
18 11 324
18 12 387
18 13 222
18 14 243
18 15 330
18 16 222
18 17 219
18 19 304
18 20 76
18 21 62
18 22 128
18 23 152
18 24 325
18 25 483
18 26 423
18 27 276
18 28 237
18 29 357
18 30 121
18 31 238
18 32 511
18 33 78
18 34 241
18 35 132
18 36 516
18 37 129
18 38 298
18 39 134
18 40 150
18 41 160
18 42 194
18 43 332
18 44 169
18 45 256
18 46 54
18 47 148
18 48 483
18 49 300
18 50 89
18 51 232
18 52 504
18 53 270
18 54 162
18 55 226
18 56 508
18 57 538
18 58 297
18 59 145
18 60 243
18 61 350
18 62 195
18 63 417
18 64 469
18 65 476
18 66 302
18 67 225
18 68 435
18 69 491
18 70 407
18 71 126
18 72 359
18 73 427
18 74 472
18 75 478
18 76 301
18 77 454
18 78 199
18 79 312
18 80 66
18 81 407
18 82 572
18 83 109
18 84 518
18 85 252
18 86 542
18 87 387
18 88 494
18 89 392
18 90 222
18 91 424
18 92 353
18 93 108
18 94 422
18 95 324
18 96 215
18 97 423
18 98 441
18 99 452
18 100 276
18 101 628
18 102 356
18 103 454
18 104 311
18 105 184
18 106 254
18 107 334
18 108 34
18 109 337
18 110 407
18 111 640
18 112 163
18 113 499
18 114 62
18 115 192
18 116 304
18 117 126
18 118 86
18 119 545
18 120 273
18 121 136
18 122 209
18 123 639
18 124 389
18 125 229
18 126 74
18 127 308
18 128 194
18 129 353
18 130 107
19 1 225
19 2 198
19 3 335
19 4 221
19 5 367
19 6 478
19 7 251
19 8 334
19 9 332
19 10 462
19 11 357
19 12 179
19 13 474
19 14 457
19 15 50
19 16 311
19 17 85
19 18 304
19 20 251
19 21 339
19 22 343
19 23 374
19 24 73
19 25 192
19 26 248
19 27 28
19 28 442
19 29 81
19 30 413
19 31 65
19 32 207
19 33 351
19 34 77
19 35 194
19 36 212
19 37 337
19 38 178
19 39 267
19 40 348
19 41 253
19 42 295
19 43 78
19 44 306
19 45 307
19 46 256
19 47 348
19 48 196
19 49 291
19 50 232
19 51 330
19 52 329
19 53 295
19 54 148
19 55 384
19 56 291
19 57 323
19 58 284
19 59 440
19 60 341
19 61 314
19 62 359
19 63 157
19 64 355
19 65 264
19 66 586
19 67 463
19 68 155
19 69 371
19 70 194
19 71 256
19 72 333
19 73 284
19 74 314
19 75 315
19 76 308
19 77 176
19 78 503
19 79 115
19 80 241
19 81 167
19 82 331
19 83 373
19 84 214
19 85 537
19 86 398
19 87 178
19 88 345
19 89 88
19 90 509
19 91 405
19 92 247
19 93 296
19 94 122
19 95 102
19 96 452
19 97 223
19 98 146
19 99 322
19 100 44
19 101 361
19 102 503
19 103 197
19 104 99
19 105 338
19 106 225
19 107 125
19 108 334
19 109 325
19 110 108
19 111 363
19 112 338
19 113 195
19 114 352
19 115 404
19 116 78
19 117 324
19 118 225
19 119 245
19 120 320
19 121 440
19 122 395
19 123 363
19 124 277
19 125 513
19 126 377
19 127 139
19 128 315
19 129 257
19 130 235
20 1 200
20 2 86
20 3 140
20 4 79
20 5 346
20 6 307
20 7 447
20 8 109
20 9 462
20 10 236
20 11 358
20 12 314
20 13 231
20 14 231
20 15 269
20 16 260
20 17 173
20 18 76
20 19 251
20 21 88
20 22 106
20 23 138
20 24 260
20 25 440
20 26 412
20 27 225
20 28 306
20 29 294
20 30 197
20 31 189
20 32 457
20 33 100
20 34 201
20 35 61
20 36 460
20 37 102
20 38 222
20 39 168
20 40 120
20 41 186
20 42 132
20 43 293
20 44 114
20 45 288
20 46 27
20 47 120
20 48 441
20 49 228
20 50 98
20 51 173
20 52 427
20 53 200
20 54 102
20 55 187
20 56 433
20 57 462
20 58 224
20 59 219
20 60 186
20 61 369
20 62 251
20 63 383
20 64 475
20 65 401
20 66 378
20 67 225
20 68 395
20 69 497
20 70 385
20 71 155
20 72 287
20 73 351
20 74 395
20 75 401
20 76 326
20 77 388
20 78 261
20 79 241
20 80 31
20 81 335
20 82 498
20 83 183
20 84 462
20 85 327
20 86 544
20 87 313
20 88 493
20 89 336
20 90 298
20 91 356
20 92 277
20 93 62
20 94 363
20 95 256
20 96 214
20 97 406
20 98 395
20 99 375
20 100 217
20 101 556
20 102 322
20 103 384
20 104 280
20 105 237
20 106 178
20 107 307
20 108 110
20 109 360
20 110 358
20 111 571
20 112 219
20 113 445
20 114 139
20 115 260
20 116 237
20 117 184
20 118 30
20 119 485
20 120 207
20 121 197
20 122 180
20 123 570
20 124 392
20 125 305
20 126 145
20 127 287
20 128 238
20 129 357
20 130 123
21 1 249
21 2 157
21 3 117
21 4 152
21 5 368
21 6 290
21 7 522
21 8 69
21 9 537
21 10 186
21 11 386
21 12 395
21 13 160
21 14 180
21 15 358
21 16 284
21 17 259
21 18 62
21 19 339
21 20 88
21 22 74
21 23 93
21 24 348
21 25 526
21 26 481
21 27 312
21 28 283
21 29 382
21 30 139
21 31 276
21 32 546
21 33 16
21 34 285
21 35 149
21 36 548
21 37 78
21 38 299
21 39 197
21 40 97
21 41 223
21 42 162
21 43 377
21 44 133
21 45 319
21 46 85
21 47 95
21 48 527
21 49 276
21 50 147
21 51 192
21 52 497
21 53 242
21 54 191
21 55 173
21 56 511
21 57 539
21 58 274
21 59 153
21 60 202
21 61 413
21 62 252
21 63 465
21 64 531
21 65 479
21 66 309
21 67 162
21 68 479
21 69 553
21 70 461
21 71 189
21 72 332
21 73 419
21 74 463
21 75 470
21 76 364
21 77 475
21 78 175
21 79 327
21 80 100
21 81 420
21 82 578
21 83 150
21 84 551
21 85 260
21 86 604
21 87 395
21 88 554
21 89 425
21 90 232
21 91 391
21 92 344
21 93 76
21 94 452
21 95 342
21 96 152
21 97 479
21 98 482
21 99 439
21 100 306
21 101 640
21 102 298
21 103 469
21 104 360
21 105 244
21 106 243
21 107 385
21 108 72
21 109 400
21 110 446
21 111 656
21 112 221
21 113 533
21 114 98
21 115 240
21 116 325
21 117 185
21 118 114
21 119 574
21 120 240
21 121 112
21 122 151
21 123 655
21 124 450
21 125 240
21 126 80
21 127 362
21 128 255
21 129 414
21 130 167
22 1 301
22 2 192
22 3 190
22 4 127
22 5 434
22 6 218
22 7 552
22 8 142
22 9 492
22 10 130
22 11 450
22 12 364
22 13 131
22 14 125
22 15 352
22 16 348
22 17 273
22 18 128
22 19 343
22 20 106
22 21 74
22 23 32
22 24 336
22 25 535
22 26 518
22 27 319
22 28 357
22 29 371
22 30 210
22 31 285
22 32 544
22 33 65
22 34 303
22 35 150
22 36 544
22 37 7
22 38 264
22 39 258
22 40 23
22 41 281
22 42 101
22 43 394
22 44 70
22 45 381
22 46 121
22 47 21
22 48 538
22 49 216
22 50 196
22 51 122
22 52 449
22 53 180
22 54 198
22 55 99
22 56 471
22 57 497
22 58 215
22 59 221
22 60 131
22 61 469
22 62 323
22 63 484
22 64 579
22 65 440
22 66 372
22 67 121
22 68 493
22 69 602
22 70 490
22 71 247
22 72 268
22 73 369
22 74 413
22 75 420
22 76 423
22 77 456
22 78 221
22 79 306
22 80 133
22 81 394
22 82 541
22 83 224
22 84 546
22 85 325
22 86 650
22 87 364
22 88 599
22 89 424
22 90 298
22 91 322
22 92 295
22 93 47
22 94 446
22 95 324
22 96 110
22 97 511
22 98 489
22 99 385
22 100 304
22 101 608
22 102 228
22 103 443
22 104 384
22 105 313
22 106 198
22 107 411
22 108 145
22 109 458
22 110 451
22 111 628
22 112 292
22 113 531
22 114 172
22 115 314
22 116 312
22 117 254
22 118 136
22 119 563
22 120 174
22 121 166
22 122 81
22 123 626
22 124 497
22 125 306
22 126 152
22 127 393
22 128 322
22 129 461
22 130 220
23 1 331
23 2 224
23 3 210
23 4 156
23 5 459
23 6 198
23 7 585
23 8 162
23 9 510
23 10 99
23 11 476
23 12 387
23 13 100
23 14 93
23 15 382
23 16 374
23 17 305
23 18 152
23 19 374
23 20 138
23 21 93
23 22 32
23 24 365
23 25 567
23 26 550
23 27 351
23 28 374
23 29 400
23 30 220
23 31 318
23 32 574
23 33 80
23 34 335
23 35 182
23 36 573
23 37 37
23 38 287
23 39 285
23 40 31
23 41 309
23 42 116
23 43 427
23 44 87
23 45 408
23 46 151
23 47 28
23 48 570
23 49 228
23 50 226
23 51 127
23 52 464
23 53 191
23 54 230
23 55 85
23 56 491
23 57 515
23 58 228
23 59 226
23 60 132
23 61 498
23 62 345
23 63 516
23 64 610
23 65 460
23 66 371
23 67 89
23 68 525
23 69 633
23 70 523
23 71 275
23 72 275
23 73 385
23 74 428
23 75 436
23 76 452
23 77 483
23 78 213
23 79 333
23 80 165
23 81 419
23 82 562
23 83 241
23 84 575
23 85 326
23 86 681
23 87 387
23 88 630
23 89 454
23 90 301
23 91 323
23 92 312
23 93 80
23 94 475
23 95 351
23 96 77
23 97 544
23 98 521
23 99 398
23 100 335
23 101 631
23 102 205
23 103 468
23 104 416
23 105 336
23 106 218
23 107 444
23 108 165
23 109 487
23 110 482
23 111 652
23 112 314
23 113 562
23 114 190
23 115 332
23 116 341
23 117 277
23 118 168
23 119 591
23 120 180
23 121 164
23 122 59
23 123 650
23 124 528
23 125 309
23 126 164
23 127 425
23 128 347
23 129 492
23 130 249
24 1 284
24 2 229
24 3 368
24 4 208
24 5 434
24 6 438
24 7 315
24 8 358
24 9 262
24 10 443
24 11 426
24 12 105
24 13 465
24 14 438
24 15 29
24 16 372
24 17 130
24 18 325
24 19 73
24 20 260
24 21 348
24 22 336
24 23 365
24 25 225
24 26 319
24 27 86
24 28 493
24 29 35
24 30 442
24 31 109
24 32 212
24 33 358
24 34 137
24 35 198
24 36 209
24 37 329
24 38 119
24 39 316
24 40 335
24 41 307
24 42 269
24 43 149
24 44 286
24 45 372
24 46 272
24 47 337
24 48 233
24 49 238
24 50 268
24 51 297
24 52 255
24 53 250
24 54 162
24 55 358
24 56 221
24 57 253
24 58 231
24 59 468
24 60 306
24 61 387
24 62 413
24 63 215
24 64 428
24 65 193
24 66 621
24 67 450
24 68 202
24 69 443
24 70 261
24 71 304
24 72 272
24 73 211
24 74 240
24 75 241
24 76 378
24 77 129
24 78 520
24 79 48
24 80 259
24 81 99
24 82 268
24 83 409
24 84 211
24 85 571
24 86 469
24 87 105
24 88 416
24 89 99
24 90 542
24 91 342
24 92 180
24 93 291
24 94 111
24 95 30
24 96 439
24 97 292
24 98 179
24 99 249
24 100 58
24 101 309
24 102 465
24 103 137
24 104 173
24 105 392
24 106 181
24 107 198
24 108 357
24 109 397
24 110 141
24 111 317
24 112 389
24 113 200
24 114 380
24 115 452
24 116 23
24 117 369
24 118 240
24 119 227
24 120 276
24 121 456
24 122 374
24 123 317
24 124 351
24 125 547
24 126 399
24 127 213
24 128 372
24 129 331
24 130 277
25 1 354
25 2 374
25 3 502
25 4 413
25 5 443
25 6 662
25 7 158
25 8 511
25 9 387
25 10 654
25 11 421
25 12 291
25 13 666
25 14 649
25 15 198
25 16 420
25 17 266
25 18 483
25 19 192
25 20 440
25 21 526
25 22 535
25 23 567
25 24 225
25 26 205
25 27 216
25 28 570
25 29 196
25 30 580
25 31 251
25 32 79
25 33 539
25 34 242
25 35 385
25 36 103
25 37 529
25 38 343
25 39 413
25 40 540
25 41 390
25 42 486
25 43 153
25 44 498
25 45 399
25 46 441
25 47 541
25 48 16
25 49 463
25 50 401
25 51 518
25 52 411
25 53 475
25 54 338
25 55 575
25 56 347
25 57 371
25 58 456
25 59 609
25 60 528
25 61 353
25 62 485
25 63 89
25 64 318
25 65 334
25 66 741
25 67 655
25 68 54
25 69 323
25 70 149
25 71 407
25 72 493
25 73 402
25 74 413
25 75 411
25 76 376
25 77 199
25 78 681
25 79 272
25 80 425
25 81 255
25 82 346
25 83 533
25 84 104
25 85 695
25 86 322
25 87 290
25 88 282
25 89 125
25 90 669
25 91 557
25 92 394
25 93 487
25 94 132
25 95 252
25 96 644
25 97 170
25 98 46
25 99 437
25 100 234
25 101 330
25 102 689
25 103 244
25 104 181
25 105 466
25 106 405
25 107 170
25 108 510
25 109 374
25 110 85
25 111 311
25 112 475
25 113 79
25 114 524
25 115 540
25 116 245
25 117 472
25 118 412
25 119 154
25 120 501
25 121 620
25 122 587
25 123 315
25 124 276
25 125 672
25 126 554
25 127 206
25 128 437
25 129 281
25 130 396
26 1 243
26 2 327
26 3 413
26 4 424
26 5 264
26 6 698
26 7 63
26 8 440
26 9 555
26 10 648
26 11 237
26 12 419
26 13 639
26 14 643
26 15 290
26 16 273
26 17 263
26 18 423
26 19 248
26 20 412
26 21 481
26 22 518
26 23 550
26 24 319
26 25 205
26 27 250
26 28 423
26 29 311
26 30 484
26 31 263
26 32 283
26 33 497
26 34 231
26 35 379
26 36 305
26 37 514
26 38 426
26 39 308
26 40 531
26 41 279
26 42 507
26 43 170
26 44 507
26 45 240
26 46 401
26 47 531
26 48 191
26 49 531
26 50 334
26 51 548
26 52 563
26 53 529
26 54 334
26 55 588
26 56 512
26 57 541
26 58 524
26 59 512
26 60 561
26 61 162
26 62 346
26 63 128
26 64 117
26 65 491
26 66 615
26 67 637
26 68 164
26 69 128
26 70 62
26 71 309
26 72 578
26 73 530
26 74 555
26 75 555
26 76 201
26 77 368
26 78 599
26 79 363
26 80 386
26 81 396
26 82 530
26 83 430
26 84 307
26 85 576
26 86 150
26 87 418
26 88 97
26 89 256
26 90 554
26 91 652
26 92 495
26 93 472
26 94 289
26 95 349
26 96 626
26 97 35
26 98 206
26 99 567
26 100 287
26 101 528
26 102 719
26 103 406
26 104 154
26 105 331
26 106 462
26 107 124
26 108 438
26 109 187
26 110 216
26 111 513
26 112 347
26 113 280
26 114 440
26 115 405
26 116 327
26 117 359
26 118 381
26 119 357
26 120 551
26 121 546
26 122 589
26 123 516
26 124 76
26 125 554
26 126 478
26 127 128
26 128 300
26 129 97
26 130 317
27 1 201
27 2 170
27 3 307
27 4 200
27 5 347
27 6 462
27 7 260
27 8 306
27 9 349
27 10 440
27 11 339
27 12 191
27 13 450
27 14 435
27 15 71
27 16 288
27 17 57
27 18 276
27 19 28
27 20 225
27 21 312
27 22 319
27 23 351
27 24 86
27 25 216
27 26 250
27 28 416
27 29 102
27 30 384
27 31 37
27 32 234
27 33 325
27 34 52
27 35 169
27 36 240
27 37 313
27 38 176
27 39 240
27 40 325
27 41 227
27 42 277
27 43 86
27 44 285
27 45 286
27 46 229
27 47 325
27 48 219
27 49 282
27 50 204
27 51 313
27 52 341
27 53 283
27 54 122
27 55 364
27 56 308
27 57 340
27 58 275
27 59 412
27 60 325
27 61 302
27 62 333
27 63 172
27 64 352
27 65 280
27 66 558
27 67 440
27 68 175
27 69 369
27 70 200
27 71 229
27 72 327
27 73 291
27 74 324
27 75 326
27 76 291
27 77 200
27 78 475
27 79 119
27 80 214
27 81 185
27 82 352
27 83 345
27 84 242
27 85 509
27 86 400
27 87 191
27 88 347
27 89 116
27 90 481
27 91 401
27 92 247
27 93 271
27 94 150
27 95 111
27 96 428
27 97 229
27 98 170
27 99 328
27 100 37
27 101 385
27 102 486
27 103 218
27 104 97
27 105 313
27 106 214
27 107 125
27 108 306
27 109 310
27 110 133
27 111 388
27 112 312
27 113 222
27 114 324
27 115 377
27 116 84
27 117 296
27 118 198
27 119 273
27 120 307
27 121 412
27 122 373
27 123 389
27 124 272
27 125 485
27 126 349
27 127 132
27 128 290
27 129 249
27 130 207
28 1 220
28 2 274
28 3 169
28 4 383
28 5 177
28 6 572
28 7 484
28 8 215
28 9 742
28 10 454
28 11 208
28 12 582
28 13 403
28 14 449
28 15 486
28 16 152
28 17 364
28 18 237
28 19 442
28 20 306
28 21 283
28 22 357
28 23 374
28 24 493
28 25 570
28 26 423
28 27 416
28 29 518
28 30 163
28 31 385
28 32 624
28 33 294
28 34 365
28 35 345
28 36 637
28 37 361
28 38 510
28 39 177
28 40 381
28 41 189
28 42 432
28 43 427
28 44 407
28 45 183
28 46 279
28 47 379
28 48 563
28 49 534
28 50 235
28 51 469
28 52 717
28 53 506
28 54 349
28 55 456
28 56 706
28 57 738
28 58 530
28 59 173
28 60 480
28 61 277
28 62 85
28 63 484
28 64 405
28 65 675
28 66 199
28 67 419
28 68 516
28 69 425
28 70 442
28 71 189
28 72 594
28 73 645
28 74 688
28 75 693
28 76 225
28 77 617
28 78 259
28 79 500
28 80 281
28 81 590
28 82 761
28 83 133
28 84 640
28 85 171
28 86 482
28 87 581
28 88 450
28 89 523
28 90 160
28 91 661
28 92 574
28 93 345
28 94 562
28 95 505
28 96 412
28 97 442
28 98 540
28 99 674
28 100 436
28 101 802
28 102 577
28 103 631
28 104 393
28 105 105
28 106 481
28 107 400
28 108 212
28 109 251
28 110 518
28 111 805
28 112 104
28 113 615
28 114 184
28 115 45
28 116 479
28 117 128
28 118 299
28 119 680
28 120 511
28 121 245
28 122 433
28 123 806
28 124 356
28 125 157
28 126 211
28 127 364
28 128 133
28 129 326
28 130 219
29 1 304
29 2 259
29 3 398
29 4 243
29 5 448
29 6 470
29 7 300
29 8 390
29 9 253
29 10 477
29 11 438
29 12 108
29 13 500
29 14 473
29 15 31
29 16 390
29 17 154
29 18 357
29 19 81
29 20 294
29 21 382
29 22 371
29 23 400
29 24 35
29 25 196
29 26 311
29 27 102
29 28 518
29 30 473
29 31 132
29 32 178
29 33 392
29 34 155
29 35 232
29 36 174
29 37 364
29 38 147
29 39 341
29 40 370
29 41 329
29 42 303
29 43 145
29 44 321
29 45 388
29 46 305
29 47 372
29 48 206
29 49 267
29 50 297
29 51 330
29 52 254
29 53 281
29 54 195
29 55 392
29 56 211
29 57 242
29 58 260
29 59 499
29 60 339
29 61 394
29 62 435
29 63 198
29 64 423
29 65 185
29 66 651
29 67 485
29 68 180
29 69 437
29 70 251
29 71 329
29 72 296
29 73 220
29 74 244
29 75 244
29 76 389
29 77 100
29 78 554
29 79 77
29 80 291
29 81 88
29 82 250
29 83 438
29 84 176
29 85 601
29 86 459
29 87 107
29 88 407
29 89 71
29 90 572
29 91 363
29 92 200
29 93 326
29 94 76
29 95 56
29 96 474
29 97 281
29 98 153
29 99 257
29 100 83
29 101 283
29 102 497
29 103 116
29 104 174
29 105 415
29 106 213
29 107 195
29 108 389
29 109 405
29 110 116
29 111 289
29 112 413
29 113 166
29 114 411
29 115 477
29 116 58
29 117 395
29 118 273
29 119 192
29 120 307
29 121 490
29 122 408
29 123 289
29 124 350
29 125 577
29 126 431
29 127 216
29 128 393
29 129 334
29 130 304
30 1 242
30 2 215
30 3 78
30 4 276
30 5 299
30 6 416
30 7 537
30 8 88
30 9 660
30 10 292
30 11 324
30 12 509
30 13 240
30 14 287
30 15 444
30 16 230
30 17 327
30 18 121
30 19 413
30 20 197
30 21 139
30 22 210
30 23 220
30 24 442
30 25 580
30 26 484
30 27 384
30 28 163
30 29 473
30 31 348
30 32 616
30 33 145
30 34 342
30 35 254
30 36 624
30 37 215
30 38 420
30 39 176
30 40 233
30 41 205
30 42 301
30 43 427
30 44 272
30 45 270
30 46 175
30 47 231
30 48 577
30 49 413
30 50 181
30 51 331
30 52 625
30 53 380
30 54 280
30 55 305
30 56 630
30 57 660
30 58 411
30 59 28
30 60 341
30 61 374
30 62 169
30 63 505
30 64 503
30 65 598
30 66 180
30 67 256
30 68 528
30 69 525
30 70 482
30 71 178
30 72 470
30 73 548
30 74 592
30 75 599
30 76 320
30 77 572
30 78 116
30 79 433
30 80 186
30 81 527
30 82 694
30 83 55
30 84 626
30 85 130
30 86 581
30 87 509
30 88 538
30 89 501
30 90 101
30 91 530
30 92 473
30 93 213
30 94 534
30 95 444
30 96 250
30 97 493
30 98 541
30 99 571
30 100 390
30 101 748
30 102 418
30 103 574
30 104 400
30 105 172
30 106 373
30 107 419
30 108 87
30 109 354
30 110 510
30 111 759
30 112 149
30 113 605
30 114 61
30 115 130
30 116 422
30 117 126
30 118 207
30 119 657
30 120 379
30 121 83
30 122 279
30 123 759
30 124 434
30 125 107
30 126 58
30 127 387
30 128 198
30 129 399
30 130 184
31 1 175
31 2 132
31 3 271
31 4 170
31 5 328
31 6 439
31 7 281
31 8 269
31 9 368
31 10 409
31 11 323
31 12 208
31 13 416
31 14 404
31 15 101
31 16 263
31 17 21
31 18 238
31 19 65
31 20 189
31 21 276
31 22 285
31 23 318
31 24 109
31 25 251
31 26 263
31 27 37
31 28 385
31 29 132
31 30 348
31 32 272
31 33 289
31 34 35
31 35 135
31 36 277
31 37 280
31 38 173
31 39 208
31 40 292
31 41 198
31 42 250
31 43 110
31 44 256
31 45 265
31 46 192
31 47 293
31 48 253
31 49 269
31 50 167
31 51 289
31 52 355
31 53 265
31 54 87
31 55 336
31 56 329
31 57 361
31 58 262
31 59 375
31 60 301
31 61 293
31 62 303
31 63 200
31 64 357
31 65 300
31 66 522
31 67 407
31 68 207
31 69 376
31 70 219
31 71 197
31 72 319
31 73 299
31 74 335
31 75 338
31 76 276
31 77 232
31 78 438
31 79 129
31 80 176
31 81 208
31 82 378
31 83 309
31 84 279
31 85 473
31 86 411
31 87 207
31 88 357
31 89 153
31 90 444
31 91 394
31 92 247
31 93 238
31 94 186
31 95 127
31 96 395
31 97 246
31 98 206
31 99 335
31 100 51
31 101 416
31 102 462
31 103 246
31 104 110
31 105 283
31 106 199
31 107 140
31 108 268
31 109 299
31 110 169
31 111 421
31 112 281
31 113 260
31 114 287
31 115 345
31 116 98
31 117 263
31 118 161
31 119 309
31 120 288
31 121 375
31 122 343
31 123 421
31 124 274
31 125 449
31 126 312
31 127 137
31 128 262
31 129 247
31 130 172
32 1 404
32 2 403
32 3 538
32 4 418
32 5 509
32 6 647
32 7 237
32 8 541
32 9 322
32 10 655
32 11 489
32 12 250
32 13 675
32 14 651
32 15 192
32 16 478
32 17 291
32 18 511
32 19 207
32 20 457
32 21 546
32 22 544
32 23 574
32 24 212
32 25 79
32 26 283
32 27 234
32 28 624
32 29 178
32 30 616
32 31 272
32 33 558
32 34 273
32 35 398
32 36 24
32 37 538
32 38 322
32 39 458
32 40 546
32 41 438
32 42 482
32 43 197
32 44 498
32 45 460
32 46 464
32 47 547
32 48 94
32 49 440
32 50 435
32 51 509
32 52 352
32 53 458
32 54 355
32 55 571
32 56 283
32 57 304
32 58 434
32 59 644
32 60 518
32 61 424
32 62 539
32 63 159
32 64 397
32 65 276
32 66 785
32 67 661
32 68 121
32 69 402
32 70 224
32 71 450
32 72 462
32 73 355
32 74 359
